   1.0000000e+00   4.3799334e-01  -7.9511440e-02   4.1708529e-01  -1.1773134e+00   1.8671866e+00   5.0204745e-01
   2.0000000e+00   1.3250460e+00  -1.9101291e+00  -1.5646228e+00   1.0526795e+00  -3.5228817e-01  -4.9366821e-01
   2.0000000e+00   8.0789553e-01  -8.6218423e-02  -1.0823118e+00   2.3704230e-01  -9.8010272e-01   1.5761414e+00
   2.0000000e+00   1.3743037e+00  -4.8981118e-01   8.2754435e-01  -6.3715409e-01   4.0803104e-01   1.5191405e+00
   2.0000000e+00   1.5664619e-01   1.2213490e+00  -1.2042064e+00  -3.8874584e-01   3.7114712e-01  -1.2611984e+00
   2.0000000e+00   2.8881795e-01  -6.5695313e-01  -8.4435061e-01   1.2412060e-02  -3.0982119e-01   1.2254642e+00
   2.0000000e+00   6.1139587e-01   1.4329365e+00  -1.9792022e-01   8.0371609e-01   8.9004349e-01   1.7362816e-02
   2.0000000e+00  -2.5205730e+00   1.0782443e+00  -1.3158036e-01  -9.5302279e-03  -1.1175398e+00   5.3450206e-01
   2.0000000e+00   1.5019048e+00   7.1965373e-01   6.6978544e-01   2.7191659e-01  -6.9109157e-01  -1.3808738e+00
   2.0000000e+00  -7.9827886e-01   6.7772709e-01   7.1604850e-01  -2.4190813e-01  -1.0838430e-01   2.9057203e-01
   2.0000000e+00  -5.8175090e-01   2.2997225e+00  -1.8705857e+00   9.9145847e-02   4.5349687e-01   1.1457243e+00
   2.0000000e+00  -9.1217880e-01  -7.4864681e-01  -9.5883609e-01  -1.2957653e+00  -1.9879394e+00  -3.9711203e-01
   1.0000000e+00   3.0294235e-01   2.0322490e+00   7.7278754e-01  -3.7959063e-01  -9.0893288e-01   1.1015928e+00
   2.0000000e+00   8.2604832e-01  -9.2533242e-01   1.1153512e+00  -2.0176248e+00  -1.1753745e-01  -1.1114772e+00
   2.0000000e+00  -9.0065355e-01   5.4643425e-02  -6.0871119e-01   5.9908149e-01  -1.1872453e+00  -9.9299886e-01
   2.0000000e+00  -4.4058880e-01  -3.9558594e-01   1.0074874e+00   3.4882483e-01   1.8618597e+00  -1.3814072e-02
   2.0000000e+00  -1.0779414e+00  -1.1030414e+00   3.2467852e-01  -2.2131403e-03  -3.2480108e-01  -1.1297885e+00
   2.0000000e+00   8.0679621e-01  -6.9289829e-01   1.8916909e+00   6.9953203e-01   9.0882186e-01  -1.6352187e+00
   2.0000000e+00  -7.8372511e-01  -3.7285994e-01  -1.6664621e+00   2.0683590e+00  -1.2588129e+00  -3.1299179e-01
   1.0000000e+00  -5.3836715e-01   1.0655203e+00   4.5417160e-02   1.2291224e+00   5.6084495e-01   3.4548822e-01
   2.0000000e+00  -7.2190982e-01   5.4304067e-01  -2.0678912e+00  -4.4977959e-01  -1.9009165e-01   1.9459289e+00
   1.0000000e+00   1.5656763e-02  -2.4384909e+00   3.5907297e-01   3.7699131e-01   4.0407107e-01  -9.0328486e-01
   1.0000000e+00   3.7317151e-01   1.6054569e+00   5.7593210e-01   3.5749416e-01   7.3737698e-01   1.8198655e+00
   2.0000000e+00  -6.9276241e-04  -1.6648761e-01   1.9884256e+00  -1.4037378e+00  -1.1923426e+00   1.5101513e-02
   2.0000000e+00  -1.4044980e+00   8.6710986e-01  -4.6073060e-02  -7.4011551e-01   3.4695344e-01  -4.2497352e-01
   2.0000000e+00   1.4698066e+00   1.6441599e-01   4.7025231e-01   2.9199375e-01   8.4699823e-01   1.2123643e+00
   1.0000000e+00   4.3337439e-01  -8.0499625e-01   2.0458917e-02   2.2327518e+00  -1.6034193e+00   3.2029379e-01
   1.0000000e+00   4.9457734e-01   1.8447223e-01   3.1196423e-01   1.9135499e+00  -2.2782570e-01  -5.0317391e-01
   2.0000000e+00   1.5682619e+00   1.3026502e+00  -6.7393038e-01  -4.9788795e-01  -1.4585048e+00  -8.5515372e-01
   2.0000000e+00  -1.7545103e-01   5.4563647e-01  -1.4514168e-01   1.0766646e+00  -5.2451689e-01  -7.1556859e-02
   2.0000000e+00   1.3028636e+00  -6.1339191e-01   4.2178645e-01  -1.9228609e+00   3.1584759e-01  -9.6101534e-01
   2.0000000e+00  -6.1325115e-01   9.2742200e-01  -4.3037126e-01  -6.2638922e-01   7.7223037e-01   1.8503413e-01
   2.0000000e+00   3.8324433e-01   1.2636995e+00  -4.4845888e-01   1.8327615e+00   1.2174013e-01  -6.3161113e-02
   1.0000000e+00  -1.9449631e-01  -1.0771980e-01   1.9982641e-01   3.4786513e-01   5.5472899e-01  -1.3438211e+00
   2.0000000e+00   2.4192999e-01  -1.5497913e+00   1.2335879e+00  -5.2526928e-01  -5.3483635e-01   7.8516926e-02
   2.0000000e+00  -1.4788156e-01   1.1562924e+00   1.4970108e+00  -1.8611837e+00  -2.7841562e-02  -1.2844464e+00
   2.0000000e+00  -1.0679956e-01   2.3789791e-01  -5.3837898e-01   1.0239041e+00   2.1227766e+00   1.3840016e+00
   2.0000000e+00   5.2762434e-01  -7.1164002e-01   1.2551283e+00   9.7537059e-01   7.2559487e-01   9.3600765e-01
   2.0000000e+00   9.1186403e-01   4.1460342e-01  -5.5375589e-02   9.8735188e-01   2.5823242e-01   1.4755202e+00
   2.0000000e+00   2.7424241e+00   4.7205952e-02   1.7573920e+00  -1.5794037e+00  -6.8235954e-01   1.1719991e+00
   2.0000000e+00   3.4729151e-01  -2.6307616e-01   1.5073513e+00   8.0938743e-01   8.8184179e-01  -1.7177964e-01
   2.0000000e+00  -5.0851999e-01  -3.9689074e-01  -9.1123564e-01   6.9897478e-02  -1.5624075e+00   2.4330217e+00
   2.0000000e+00  -1.4823985e+00   1.0454547e+00  -8.5651039e-01  -9.3747605e-01   3.2160777e-01  -2.3839349e-01
   2.0000000e+00   7.6553192e-01   6.7617436e-01  -6.0543217e-01  -1.8093720e-01  -1.0308523e+00   8.2433760e-01
   2.0000000e+00  -1.7247982e-01  -8.3701019e-01  -8.1609259e-02   1.6016641e+00   4.1231670e-02  -9.1341913e-01
   1.0000000e+00   2.2807766e-01  -1.0176825e+00   9.0068492e-01   3.1336993e-01   2.4296247e-01  -1.2434665e+00
   2.0000000e+00  -4.3537756e-01  -1.7085680e+00   1.5984923e+00  -6.4283837e-01  -1.3570366e+00  -1.6237092e+00
   1.0000000e+00   8.4054401e-01   3.4457651e-01   8.1708647e-04   3.4416730e-01   1.5578852e+00   8.4002673e-01
   2.0000000e+00   1.0076170e+00   3.0689151e-01  -4.5407302e-01   9.8713581e-01   2.3091687e-02   1.3204946e+00
   1.0000000e+00   3.4052424e-01   3.3692180e-01   4.6485677e-01  -5.3806344e-01  -6.7626368e-02   1.1441198e+00
   1.0000000e+00  -3.8339386e-01  -1.2418408e+00   1.4189748e-01   1.1805335e+00   2.0899325e-01   1.8253316e+00
   1.0000000e+00   2.8565616e-01   2.6981514e-01   7.0905128e-01  -5.3986563e-01  -1.7449962e-01  -1.1623420e+00
   2.0000000e+00   3.3532883e-01  -6.4591038e-01   6.0137844e-02  -2.9279920e+00   1.0035876e+00   2.1423196e+00
   2.0000000e+00  -9.8878345e-03   1.0342245e+00  -7.5054924e-01   2.9426623e-01   5.4004474e-01   5.5642096e-01
   2.0000000e+00   4.6983422e-01   4.8968845e-01   9.7623883e-01   9.4939502e-01  -1.4668452e+00  -4.1989258e-02
   2.0000000e+00   1.6907965e+00  -1.4566664e+00   8.2305534e-01   9.0390683e-02  -3.3600578e-02   1.1202738e-03
   2.0000000e+00  -8.4660799e-01  -8.0313600e-01  -5.8995596e-01  -4.9813888e-01   2.2058297e-02  -8.9440421e-01
   1.0000000e+00  -2.0208398e-01   1.2908234e+00   5.2942504e-02   7.0968568e-01  -8.4142697e-02   1.4458066e+00
   1.0000000e+00   2.5392129e-01   7.2927917e-01   3.9635699e-01  -5.0379111e-01  -8.3662590e-01   1.5458932e+00
   2.0000000e+00   1.8594221e+00  -8.5895382e-01  -1.6890973e+00   1.1631509e-01   1.4027786e-02   1.5495722e-01
   1.0000000e+00   7.8048293e-01   4.9432421e-01   5.1803221e-01  -4.3196279e-01   8.2497677e-01  -1.1024630e+00
   2.0000000e+00  -7.5387875e-01  -9.8645247e-01  -1.1570935e-01  -2.0510700e-01   9.4795288e-02   5.7993401e-01
   2.0000000e+00   1.6759961e+00   1.5440650e+00  -1.0455885e+00  -7.1730753e-01  -6.2985392e-01   5.6918348e-02
   2.0000000e+00  -3.7082564e-01  -2.2381470e-02   1.2613379e+00   1.3044062e+00  -1.8378798e-01  -6.1017805e-01
   2.0000000e+00   2.9511076e-01   1.0980465e+00   1.4535923e+00  -4.7260690e-01   3.3234943e-01   2.2778129e-01
   2.0000000e+00   3.6714783e-01  -2.4700556e-01  -8.6222233e-01   2.0748751e+00  -1.2655903e+00   3.0541476e-01
   1.0000000e+00  -4.5491113e-01   1.0309923e+00   6.0268231e-01  -3.2555393e-01   5.9220944e-01   1.0456164e-01
   2.0000000e+00  -1.5567392e+00  -3.7135776e-01  -4.8967124e-03   3.9861405e-01   9.7441106e-01   5.7278460e-02
   1.0000000e+00  -8.3553127e-01  -9.5444767e-01   2.1923894e-01  -3.8794229e-01  -1.1948927e+00  -1.8217061e-01
   1.0000000e+00   9.0036502e-01   1.7024333e+00   3.6064946e-01  -6.1356804e-01   6.2227923e-01  -2.0566658e-01
   2.0000000e+00  -5.1430589e-01  -7.7988015e-01  -2.3856884e-01   1.2890486e+00  -2.3950163e-01   2.6782002e-01
   1.0000000e+00  -5.9379139e-01   1.1192257e+00   7.8450504e-01   4.9372731e-01   6.4349324e-01   1.7298517e+00
   2.0000000e+00  -1.2548248e+00   5.3057705e-01  -4.4012366e-01  -2.9332495e-01  -3.7998679e-01   1.4728503e+00
   1.0000000e+00  -6.7112456e-01  -6.5769247e-01   5.8766307e-01   2.9245935e-02   1.9069464e+00   1.3598356e+00
   2.0000000e+00   2.3097192e+00  -1.3530592e-01   1.5264744e+00  -1.7444693e-01   5.7908957e-01  -1.3363370e+00
   2.0000000e+00  -1.5938018e+00  -1.0810956e+00  -1.0745263e+00  -8.3819802e-01  -3.0917066e-01   3.7559741e-01
   2.0000000e+00   1.1310731e+00  -4.7977472e-01  -4.1657161e-01  -1.9212766e-01  -9.7836253e-02   1.1141248e+00
   1.0000000e+00   6.2762668e-01   1.0409979e+00   5.9961842e-01   6.1578942e-01   1.8052563e+00   3.2391617e-01
   1.0000000e+00  -8.7119839e-01  -1.5063768e+00   3.3316798e-01   1.2673722e+00  -1.6160373e+00   7.7397883e-01
   1.0000000e+00   3.3947262e-01  -2.4765383e-01   8.8194720e-01  -1.5713873e+00  -9.0982032e-01   8.0383888e-01
   2.0000000e+00  -1.3967580e+00  -8.8680114e-01   1.7207727e+00   5.0367875e-01   4.7069173e-01  -5.2893133e-01
   2.0000000e+00   1.1659586e+00  -1.3335438e+00  -1.0677873e+00  -5.5796790e-01   6.2788544e-01  -5.5491618e-01
   2.0000000e+00  -8.7670447e-01   4.0501470e-01  -1.8434052e+00  -1.0663878e+00   4.6436048e-01  -8.0917403e-01
   2.0000000e+00   8.2747594e-01  -8.7136215e-02  -8.4754612e-01   1.3827078e+00  -5.7862895e-01   9.4240207e-01
   1.0000000e+00  -4.2008137e-01  -2.2468814e-01   5.5816942e-01   9.1766683e-01  -2.6123117e-01   3.0862040e-01
   2.0000000e+00   1.7141223e+00   2.1244727e-01   1.1028966e+00  -3.8978916e-01  -2.3752769e-01   1.7387872e+00
   2.0000000e+00   8.2815310e-01  -3.7549482e-01  -3.7825935e-01  -2.8631909e-01   1.0322481e+00   7.1610629e-02
   1.0000000e+00  -3.8247210e-01   8.5112741e-01   7.7723375e-01  -7.7754789e-01  -2.2825221e-01  -9.8963862e-01
   2.0000000e+00   6.0395272e-01  -1.2144737e+00  -1.5999301e+00  -5.1618800e-01   1.0663580e+00  -1.0787577e+00
   2.0000000e+00   4.2249813e-01  -1.1315983e+00   1.2147618e+00   3.0769557e-01   1.3011424e+00  -1.8421958e+00
   1.0000000e+00  -8.8619563e-01  -2.3686371e-01   5.5788400e-02   7.5989286e-01  -1.7949562e+00  -1.2595167e+00
   2.0000000e+00  -7.8516151e-01   5.9227141e-01  -8.9918819e-01  -5.1175992e-01   2.0198965e-01  -1.0956132e+00
   2.0000000e+00  -3.9765387e-01  -7.4559223e-02   1.2758915e+00   2.9175659e-01   1.4561343e+00  -4.9998434e-01
   2.0000000e+00  -1.0552650e+00   7.3919956e-01  -7.5244442e-01  -6.3500202e-01  -7.6393487e-01  -3.7384899e-01
   2.0000000e+00   1.5472363e+00   1.4809381e+00  -3.0042992e-01  -1.2811544e-01  -1.8468864e-01  -1.0212435e-01
   2.0000000e+00  -9.1759077e-02   9.1300305e-04  -6.5445710e-01  -3.3681186e-01  -7.6766886e-02   1.0742742e+00
   2.0000000e+00   8.5026980e-02  -4.0062661e-01   7.3209243e-01   1.0327716e+00   5.8852572e-01  -2.0056301e+00
   2.0000000e+00  -3.3007284e-01   6.4183103e-01   1.6600534e+00  -9.4436280e-01   1.8341803e-01   2.0834450e+00
   1.0000000e+00   9.7630143e-01  -1.4986489e+00   7.5577645e-02   1.1581442e+00   6.8681545e-01  -3.2785237e-01
   2.0000000e+00   2.4603604e+00  -5.3971729e-01   1.5591588e+00  -1.5680537e+00  -1.1728189e-01  -1.5067517e+00
   2.0000000e+00  -4.9736221e-03   6.0957092e-01  -7.5554056e-01   1.8764902e+00  -5.2786615e-01   3.9821612e-01
   1.0000000e+00   6.8592394e-01   1.4393127e+00   2.8859990e-01   4.0887235e-01   1.3777524e+00  -9.5230268e-01
   2.0000000e+00   1.9461323e-02   1.1487571e+00  -1.2913996e-01   9.1385172e-01   9.2100390e-02   1.3443442e+00
   2.0000000e+00  -1.1750340e+00  -4.7386835e-01   1.2232167e+00  -8.6114656e-01   1.0736529e+00   8.4811003e-01
   2.0000000e+00  -6.8488627e-01  -1.3020905e-01  -4.6267211e-01  -6.4745782e-01   2.2024846e+00   5.7979140e-01
   2.0000000e+00   3.4309545e-01  -6.6247932e-01  -2.5410484e-01   5.4676233e-01   8.3282277e-01  -7.8167845e-01
   2.0000000e+00  -8.0636688e-01   1.1465666e-01   7.4588168e-01   1.6769435e+00   6.2619114e-01   8.7322014e-02
   1.0000000e+00  -1.8326870e-01   7.3980558e-02   7.2297425e-01   1.6151256e+00  -1.7712939e+00   1.5741990e+00
   2.0000000e+00  -8.0267607e-01   6.3506927e-01   6.2709882e-01  -7.3059426e-01  -3.1860811e-01   4.1939347e-01
   2.0000000e+00   8.9023127e-01  -3.7035158e-01  -2.5752654e-01   2.5768659e-01  -1.5760203e+00  -9.1976463e-01
   2.0000000e+00   1.5039997e+00  -1.1737492e+00  -9.4277997e-01  -4.1833547e-01   8.6516624e-01  -3.9324845e-01
   1.0000000e+00  -4.8693734e-01   7.1800679e-01   4.3541098e-01   8.2385111e-01   3.9343949e-02   3.1046719e-01
   2.0000000e+00  -1.6149443e+00  -1.3240550e+00  -2.5523581e-01  -2.1115091e-01   4.3060155e-01   3.0608798e-01
   2.0000000e+00   1.7398713e+00   5.6663260e-01   7.2523114e-01   4.4324425e-02   3.6781407e-01  -5.0132844e-01
   2.0000000e+00   1.2837550e+00   1.2890475e+00  -5.2746030e-02   2.3021292e+00   3.6529351e-02  -1.5688289e-01
   1.0000000e+00  -3.2489114e-01  -2.0789039e-01   2.9540640e-01  -1.0511384e+00  -6.3098598e-01  -4.4457659e-01
   1.0000000e+00   6.5264927e-01  -9.7267009e-01   5.5964362e-01  -2.1425247e-01   1.6800208e-01  -9.5694161e-01
   2.0000000e+00   1.2958139e+00  -6.1063834e-01  -1.1465080e+00   2.3897865e+00  -3.7500353e-01   1.5040030e+00
   2.0000000e+00  -6.5673263e-01  -5.8642076e-01  -1.5836823e+00   9.1445576e-01  -6.1242670e-02  -1.9955319e-01
   1.0000000e+00  -3.9965849e-01  -3.5804968e-01   1.6557925e-01  -7.8994725e-01  -5.4210798e-01   4.3801960e-01
   2.0000000e+00  -1.6395019e-01   1.6868408e+00  -9.1537022e-01  -1.3160456e+00   2.0465934e+00  -9.9273211e-02
   2.0000000e+00   6.1148502e-02   1.1373810e+00  -8.9730731e-01  -7.6855694e-01   7.4547540e-01  -2.0561470e+00
   2.0000000e+00   7.6624259e-01   6.8776090e-01  -1.5105859e-01   7.5447906e-01   1.6512055e+00  -8.2656820e-01
   2.0000000e+00   6.7141553e-01   3.5606859e-01  -8.9309990e-01  -2.9272654e-01   1.3851366e+00   4.1303224e-01
   2.0000000e+00  -1.1691579e+00   1.6879454e+00   1.5191662e+00   3.6611012e-01  -1.7151764e-01   1.0846760e-01
   2.0000000e+00  -1.9480888e+00  -2.4716978e-01   1.0736274e+00  -1.8944773e+00  -8.9244276e-01  -1.2632358e+00
   2.0000000e+00   5.9035941e-01   4.3038798e-01  -9.1494088e-01  -1.5151761e+00  -1.0743493e+00   2.6355282e-01
   2.0000000e+00  -6.6682037e-01  -1.0337089e+00   1.9197893e+00  -3.0502983e-01   4.4502727e-01  -2.1946667e+00
   1.0000000e+00   9.2376467e-02   8.8673087e-01   6.3267466e-01  -4.1330456e-02   1.4393546e+00  -9.5652827e-01
   2.0000000e+00  -2.2359664e-01   7.4743613e-01  -7.9395052e-01   7.5521286e-02   1.8554929e+00   2.2255224e+00
   2.0000000e+00   1.3530313e+00   1.1923817e+00  -1.5964117e-01   4.2978878e-02   1.0980123e+00  -1.0054237e+00
   2.0000000e+00   2.0386492e-02   1.5044347e+00  -2.1115482e-02   5.9587273e-01  -5.7479816e-02   1.1539685e+00
   2.0000000e+00  -1.6381231e+00   2.1165686e-02   4.5030823e-01  -1.1479637e+00   8.8482826e-01  -8.8349685e-01
   2.0000000e+00   8.3553189e-02  -2.3342335e+00  -2.4826149e-01   1.4673978e+00   6.0141520e-01  -1.2628804e+00
   2.0000000e+00  -9.2536756e-01  -9.2705733e-01  -1.8124627e-01  -1.3357744e+00  -8.1058753e-02  -2.2055197e-01
   2.0000000e+00   2.4148336e+00   1.0526178e-01   5.9592057e-01   1.0676035e+00   7.4598938e-01   7.3729668e-01
   2.0000000e+00  -1.1765078e+00   1.2234162e+00   4.9308640e-02  -1.0603181e+00  -7.8284868e-01   1.3819133e+00
   2.0000000e+00   9.3463143e-02  -4.1823052e-01  -3.5482423e+00  -1.6561888e+00  -1.0211731e+00  -3.9173466e-01
   1.0000000e+00   7.0773409e-02  -1.7258328e+00   3.8484911e-02   3.6665554e-01   1.0740135e+00  -1.4061201e+00
   2.0000000e+00   1.1101923e+00   2.3834328e-01  -8.1352033e-01  -3.4816374e-01  -1.0340592e+00   5.1782583e-01
   2.0000000e+00   1.9884362e-01  -1.0429763e-01  -1.5711057e-01   9.7873909e-01  -9.1824483e-01   7.5542040e-01
   2.0000000e+00   9.2980659e-01   2.0324446e-03   2.0817624e+00   3.0415993e-01  -6.5882638e-01  -9.4336032e-01
   2.0000000e+00  -6.1826178e-01   6.0837576e-01  -1.8876316e+00  -2.0786897e+00  -1.2096758e+00   1.1669403e+00
   2.0000000e+00  -6.2575434e-01   6.0281985e-01  -1.7257822e+00  -3.9814333e-01   4.7937410e-01   8.2330261e-02
   2.0000000e+00  -3.3253387e-01  -1.4987646e+00  -1.9262014e+00  -6.8015096e-01  -1.1178847e+00   1.1623953e+00
   2.0000000e+00   3.0664028e-01  -1.1324871e-01   9.5947150e-01  -8.3821689e-01   5.3145838e-01   1.4285815e+00
   2.0000000e+00   1.0321768e+00  -1.1604523e+00   9.1027535e-01   2.1831366e-01   6.3145976e-01  -8.9453355e-02
   2.0000000e+00   4.4116085e-01  -3.5854780e-02  -1.2884661e+00   6.6529498e-01  -6.6961589e-01  -1.2104032e-01
   2.0000000e+00   7.3650032e-02   2.9038120e-01   1.0632629e+00   5.5866464e-01   5.4479535e-01  -1.5220747e+00
   2.0000000e+00   1.0264805e+00   1.1565143e+00   7.9254945e-01   2.5951424e-01  -4.6045114e-01   2.3697113e-01
   2.0000000e+00  -1.3204168e+00  -1.8065004e-01  -2.1665228e+00   1.6532079e-02   2.9114558e-01   5.5056664e-01
   2.0000000e+00   1.4345795e+00   1.4574440e-01   7.4037132e-01   4.7502063e-01  -8.2362286e-01   2.1719830e+00
   2.0000000e+00   9.0657565e-01  -6.5941430e-02  -1.2237453e+00   1.1076150e+00  -7.4261460e-01   5.9459660e-02
   2.0000000e+00  -9.1729657e-02   7.6411054e-01  -2.9897998e-02  -9.3082265e-01  -3.0011925e-01  -1.5348588e-01
   2.0000000e+00   7.9007527e-01  -1.6834685e+00  -1.9716048e+00   6.2484828e-01  -2.1092934e+00  -1.7917305e-01
   1.0000000e+00  -4.0155721e-01  -1.2813588e+00   4.5911402e-02  -1.4728883e+00   1.0836274e-02  -1.4822821e+00
   2.0000000e+00  -3.4072027e+00  -8.4343718e-02  -1.4137506e+00  -2.1257201e+00  -1.5448696e+00  -3.3124351e-02
   2.0000000e+00   2.6874282e-01  -1.3288463e+00  -7.1278071e-01  -4.3599356e-01  -5.8931014e-01   6.4471787e-01
   2.0000000e+00  -2.6572487e-01   1.8423662e+00  -6.4984036e-01  -1.6792579e-01  -1.5797953e+00  -8.2559739e-01
   1.0000000e+00  -4.3917915e-01  -6.1547351e-01   2.3045038e-01  -1.2942115e+00   1.2124653e+00  -2.9642152e-01
   2.0000000e+00   1.7639581e+00  -9.4036043e-01   2.6997713e-01  -4.8713195e-01  -4.9901284e-01   2.5229829e-01
   2.0000000e+00   2.2627591e-01  -1.5058831e+00   8.5129910e-01   3.5304339e-01  -2.2152423e-01  -1.9493835e+00
   2.0000000e+00  -2.6200809e-01   1.0064507e-01  -2.5435465e+00  -1.2510647e+00  -2.3625726e-01   2.0175277e+00
   2.0000000e+00   4.5496127e-01  -2.7108826e-01  -1.7040184e+00  -2.0754990e+00   7.3919386e-01  -5.1384015e-01
   2.0000000e+00  -6.7377456e-01   1.4124870e-01  -5.9488146e-01   7.1371448e-01   1.3024582e+00   1.5164730e-01
   2.0000000e+00  -1.3822777e+00  -3.0258725e-01  -1.5883626e-01  -3.3845263e-01  -1.7247795e+00  -1.5168436e-01
   2.0000000e+00  -5.8966633e-01  -1.0157346e-01  -1.7808392e+00   7.1738806e-01   3.2845087e-01  -3.1767720e-01
   2.0000000e+00   1.6801634e+00   5.6799056e-01  -6.5720740e-01   8.4642489e-02   5.6636784e-01  -1.0686239e-01
   2.0000000e+00  -9.6298640e-01   4.3285997e-01   1.6098070e+00   1.7928352e-01  -3.2267558e-02   1.3886930e+00
   1.0000000e+00   6.7872637e-01   1.0661459e+00   4.2504893e-01   4.0514572e-01  -2.4367875e-01   1.1318693e-01
   2.0000000e+00  -1.7148130e+00  -1.7547335e+00  -1.0852980e-01  -3.9991228e-01   4.3555210e-01   3.2240342e-01
   2.0000000e+00  -5.8195660e-01  -4.5918835e-01  -8.9132130e-01   1.0758472e+00  -1.0000562e-03   4.0341316e-01
   2.0000000e+00   1.0846553e+00   1.0604730e-01  -5.7911944e-02   1.2988066e+00   5.9186649e-01  -1.7011491e+00
   2.0000000e+00   1.4306320e+00   6.7641251e-01   2.9350896e-01   5.5839826e-02  -3.3400679e-01   3.7712401e-03
   2.0000000e+00  -3.0246093e-01  -2.0617375e-01  -5.1386777e-01  -6.7953399e-01   8.2670688e-01  -7.9523236e-01
   2.0000000e+00  -5.3581406e-02  -1.1701845e+00  -6.0925996e-01  -1.1632387e+00   1.1965932e+00   7.6506255e-01
   2.0000000e+00  -9.9298048e-01   1.6431853e+00  -1.8238611e+00  -1.3184150e-02   8.7205762e-01   2.7692515e-01
   1.0000000e+00  -4.1247896e-01  -1.0899661e+00   5.9172049e-01  -7.9167214e-01   6.7382982e-01  -3.2513796e-01
   2.0000000e+00   5.9841502e-03  -5.4491393e-01   1.7554524e+00  -1.8111003e-01  -2.5849242e-01   1.2192395e+00
   2.0000000e+00  -1.1314002e+00   3.0006801e-01  -1.6180117e-02  -7.5393086e-01   1.7287694e-01   9.6743511e-01
   2.0000000e+00   1.2504860e+00   1.8044701e+00  -1.2609405e+00   2.6430370e-03  -5.2993521e-01   5.0077129e-01
   2.0000000e+00  -1.3900409e+00  -4.4253533e-01  -4.9092502e-01   6.3274965e-01  -1.3835215e-02  -6.2954416e-01
   2.0000000e+00   1.9287806e-01  -3.5823833e-02   7.6433844e-01   1.9424745e-01   2.8031090e-01   2.1738831e+00
   2.0000000e+00   1.7530954e+00  -8.6813904e-01  -7.1395781e-01  -1.2188427e+00  -1.3502045e-03   4.3763146e-01
   2.0000000e+00   2.0713374e-01  -9.1571656e-01   1.6564087e+00   1.3699088e-01  -1.7820048e-01  -4.6547925e-01
   2.0000000e+00  -7.2019273e-01   8.2608950e-01  -1.8767200e-01   1.6667429e+00   2.0835907e-01  -5.0575382e-01
   2.0000000e+00  -7.7722670e-01   1.9311448e+00  -1.0626638e+00  -8.5731588e-01  -2.8172935e-01  -4.4782663e-01
   2.0000000e+00  -1.7521041e-01   7.2111961e-01   1.1208499e+00  -1.0119561e+00  -5.4593094e-01   1.7168424e-01
   2.0000000e+00  -9.6406858e-01  -8.4023593e-01  -2.2430930e-01   1.9167403e-01  -4.9975241e-01  -1.1611324e+00
   1.0000000e+00   9.2846399e-03  -1.2340562e+00   3.9668130e-01   1.1900602e+00   2.2839326e-01  -7.9687263e-02
   2.0000000e+00   3.3585195e-01   1.4508337e+00  -7.4573292e-01   1.6881621e-02  -1.4447337e-01   6.3070089e-01
   1.0000000e+00  -9.1042090e-01  -1.7729185e+00   2.1667392e-01  -8.6686046e-01  -1.1999246e+00   3.5381904e-02
   2.0000000e+00   6.4085263e-02   1.0739495e+00   1.1862472e+00   4.7732572e-01   1.0206215e+00  -1.0434047e+00
   1.0000000e+00  -5.0881947e-01  -1.7380983e-01   4.6546128e-02  -1.4100809e+00  -7.5352607e-01  -1.9874947e+00
   2.0000000e+00  -7.3756650e-01  -6.3491588e-02   1.0470995e+00  -1.9519919e+00   5.0849884e-01   4.8471564e-01
   2.0000000e+00  -1.6156966e+00  -1.0584244e+00   1.0014223e+00  -1.2270009e+00   7.8409396e-01   7.1909983e-01
   2.0000000e+00  -7.2703323e-01  -1.6006377e-01  -3.1669789e-01  -1.8246212e-01   1.5008843e-01  -8.4462032e-01
   2.0000000e+00   4.1422890e-01  -1.0281974e+00  -1.0648925e+00  -7.8430862e-01   3.5114910e-01  -1.2542658e+00
   1.0000000e+00  -2.6726992e-01   4.2095389e-01   5.6127328e-02  -5.7438721e-02  -2.1382802e-01  -4.6866222e-01
   2.0000000e+00   1.2672560e+00  -1.8318354e+00   8.7852941e-02  -7.4280953e-01   5.5320885e-01   5.9055054e-01
   2.0000000e+00  -1.3207236e-01  -1.3741822e+00   9.4216121e-01   6.5222630e-01  -5.0171676e-01  -1.8579949e+00
   2.0000000e+00   9.7477332e-01  -5.4016156e-01  -4.1374206e-01   8.6018917e-01   2.7190692e-01   9.0410219e-01
   2.0000000e+00   1.6986362e+00   1.8708930e-02   1.2270446e+00  -2.6237578e+00  -4.9285637e-01  -5.8384425e-01
   2.0000000e+00   1.1955368e-01  -4.5843369e-01  -1.2332885e+00  -7.1109222e-01   1.5139759e-01   1.3255555e+00
   2.0000000e+00   7.4292758e-01  -2.0277479e-01  -3.3195984e-03   5.1932570e-01   9.9740186e-01  -8.5714938e-01
   2.0000000e+00   9.2913165e-01  -1.1144802e+00  -5.5140559e-01   8.3009676e-02  -3.4431592e+00   4.3385705e-01
   2.0000000e+00   2.4276109e+00  -3.8594788e-01   1.0520366e-01  -8.2651198e-01   7.0811708e-01  -6.0048126e-01
   2.0000000e+00  -1.7574794e-01   5.3858295e-01   1.2730006e+00  -5.7204604e-01  -4.4672984e-01  -8.9326510e-01
   2.0000000e+00   1.2780129e+00   8.8434865e-01   7.4514416e-01   4.3119082e-01  -8.5608854e-01   7.6270199e-01
   2.0000000e+00   1.0622192e+00   1.2632943e+00  -1.9114389e-01  -9.0321677e-01   8.6213855e-01  -3.0336350e+00
   1.0000000e+00   5.1090156e-01   1.6963695e+00   8.2607861e-01   6.0084512e-01   9.4721418e-01   5.1158975e-01
   2.0000000e+00  -7.5362389e-01   7.4655051e-01  -1.4747706e+00  -9.9792118e-01   8.9675463e-01   1.4083991e+00
   2.0000000e+00  -9.7450539e-01  -1.6607905e+00   9.8789750e-01  -5.7328039e-01   1.5930270e-01   3.3972183e-01
   2.0000000e+00  -1.1866869e+00  -1.9715893e+00   1.6101325e-01  -3.1422004e-01  -9.1882473e-01   5.4967279e-01
   2.0000000e+00   2.6412273e-01  -7.2689895e-01  -3.1992698e-01   8.8977313e-01  -1.7263697e+00   7.9035321e-01
   2.0000000e+00   2.0369090e+00  -6.9152143e-01   1.6311279e+00  -5.8370175e-01   1.3341799e+00  -6.9377453e-01
   2.0000000e+00   2.6946568e+00  -1.7975800e+00   7.5255706e-01  -3.2785347e-01  -2.3553457e-01   9.3169932e-01
   1.0000000e+00  -4.7635988e-01   1.1975776e+00   8.7241780e-01  -5.4116349e-01   6.0453960e-02  -1.4203266e+00
   2.0000000e+00   9.0838179e-03   5.8664464e-01  -5.3204506e-01  -1.8501881e-01  -7.4427320e-01   1.3552445e+00
   2.0000000e+00   4.0046881e-01  -6.9806287e-01  -4.9937639e-01  -3.2426625e-01  -1.6709660e+00   4.4001355e-01
   2.0000000e+00   8.1484191e-03  -1.2386495e+00   1.2586453e+00  -9.0842793e-01  -9.0416321e-01  -8.7147795e-01
   2.0000000e+00   1.3665387e-01  -8.6983927e-01   1.1249792e+00   7.8337686e-01   4.1788302e-01  -1.5406183e+00
   2.0000000e+00  -4.9572338e-02   1.3106008e+00   1.3010443e+00   1.5196643e+00  -1.7727028e+00   1.1663490e-01
   1.0000000e+00   6.6963593e-02  -4.5634220e-01   6.6130705e-01   1.7525796e+00   1.0185218e+00  -3.7217860e-01
   2.0000000e+00   2.8329313e-01  -3.6414003e-01  -3.6190879e-01   8.9582777e-02  -1.3286143e+00   3.2405886e-01
   1.0000000e+00   7.1831982e-01  -6.8477288e-01   3.9339257e-01  -1.7350316e-01  -6.8161701e-01  -1.3654204e+00
   2.0000000e+00  -2.0709556e-01   2.0632065e-01  -6.7126385e-01  -5.0874692e-02  -2.2569123e-01  -8.4827973e-01
   2.0000000e+00  -1.5805039e+00   1.2525962e+00  -2.4552210e+00  -3.8821106e-01   9.2162804e-01  -1.0032643e+00
   2.0000000e+00  -4.4928377e-01   2.1122321e-01   1.9700131e+00  -2.7916249e-01   1.6202257e+00  -6.4758311e-01
   2.0000000e+00   2.6115331e-01   5.6958846e-01  -1.1018231e+00  -1.8838901e-01   1.3169511e+00  -1.4069183e-01
   2.0000000e+00   8.7065276e-01  -9.4042317e-01  -6.2843571e-01   1.1677434e+00   1.1704858e+00  -1.5863695e+00
   2.0000000e+00  -8.7997502e-01   4.4606719e-01  -1.8505761e+00   2.0487563e-01  -1.8312515e+00  -8.4527236e-01
   2.0000000e+00   7.0266620e-01  -6.5633924e-02  -1.2000147e+00   3.0056579e-01  -1.1545200e+00   7.7161248e-01
   1.0000000e+00   2.8526061e-01  -1.5920817e+00   3.3787747e-01  -2.5955732e-01   5.5125488e-01   3.0484384e-01
   2.0000000e+00   1.6323427e+00  -2.6353131e+00   1.0311147e+00   1.1936537e+00  -1.7642111e+00   1.1404321e-01
   2.0000000e+00  -1.1787399e+00   1.1949607e-01   2.6155948e-01   1.3916533e+00  -6.3819302e-01  -5.7923541e-02
   2.0000000e+00   1.2997067e+00  -5.6859706e-02  -1.7163163e+00  -1.0614236e+00  -5.0609535e-01   9.0380050e-01
   2.0000000e+00   1.1833272e+00  -3.1568944e-01   4.5354128e-01  -1.3191536e+00   1.4610565e+00   6.4800859e-01
   2.0000000e+00   9.0076268e-01   3.2126060e-01  -7.3457783e-01  -2.7228488e+00   3.6160119e+00  -4.8974439e-01
   2.0000000e+00  -8.0954329e-01  -4.3184186e-01  -1.1884314e+00   3.7576511e-02   6.1660020e-01  -3.9378677e-01
   2.0000000e+00  -1.8922208e+00  -2.5837779e-01   1.0993441e+00   7.9691193e-01  -1.4124348e+00  -4.5983139e-02
   2.0000000e+00  -8.0257357e-01   8.3519755e-01  -2.5340692e-01  -1.2972056e+00  -5.7092558e-01  -1.0571344e+00
   2.0000000e+00   4.9571032e-01  -3.4359846e-01  -5.0894509e-01  -1.3179147e+00   7.9742929e-01  -1.1880584e-01
   2.0000000e+00   6.3651782e-02   3.9183229e-01  -9.0153318e-01   5.3603897e-01   1.2009914e+00   1.1696604e+00
   2.0000000e+00  -5.7500098e-01  -1.8038357e+00  -6.8197833e-01   1.0945249e+00   5.8265279e-02   9.0811578e-01
   2.0000000e+00  -2.0581557e+00  -7.2378241e-02   3.6196288e-01   2.0380266e+00  -2.3496241e+00  -7.0168682e-02
   2.0000000e+00   1.2057568e+00   5.2110580e-01   1.1068285e-01   8.1527537e-01  -1.1913385e+00  -3.7195114e-01
   2.0000000e+00   2.9717597e-01   4.5866144e-01  -2.5956520e-01   1.4774802e+00   6.2390927e-01   1.3037126e+00
   2.0000000e+00  -1.7577012e-01  -4.8922502e-01  -1.0635234e-01   6.7203132e-01   1.2394471e+00   3.0499179e-01
   2.0000000e+00  -2.1082437e+00  -1.1329245e+00   8.1719622e-01  -1.8842687e-01   7.9438793e-01  -7.5762705e-01
   2.0000000e+00  -4.5592823e-01   5.0187303e-01   1.3579340e+00   3.4367421e-01   1.4370182e+00  -9.3060367e-01
   2.0000000e+00   8.9515343e-01   1.8772187e-01  -1.7643329e+00   1.2191282e+00   2.5158363e-01   1.7500453e+00
   2.0000000e+00   1.7171368e-01   5.7989257e-01  -9.7617913e-01  -9.1556448e-03   8.5904681e-01  -7.5977235e-01
   1.0000000e+00   1.8853227e-01  -2.7215277e-01   7.3680507e-01  -2.3043462e-01   1.1605644e+00  -1.3177791e+00
   1.0000000e+00   6.3529426e-01  -1.1635813e-01   7.3996177e-01   2.5594280e-01  -4.9488079e-01  -9.4289876e-01
   2.0000000e+00  -1.3461014e+00  -8.7085529e-01  -3.5557003e-01  -1.1058927e+00  -8.8042507e-01   2.1653797e+00
   2.0000000e+00  -1.7509921e+00   5.7171268e-01  -5.5502165e-02   3.5815027e-01   9.9224536e-01  -5.2872973e-02
   2.0000000e+00   3.0669551e-01   8.1246927e-01   9.7649454e-01   9.6805821e-01   1.5259417e+00  -5.7022703e-01
   2.0000000e+00  -7.2015637e-02  -5.7834838e-01  -1.7687377e+00  -2.3064271e+00  -4.8857565e-01   5.8616870e-02
   1.0000000e+00   1.0690931e-01   1.0942621e+00   3.5096845e-01  -9.5549343e-01   2.2273217e+00  -1.5376508e+00
   2.0000000e+00   8.4304524e-01   2.7514443e-01  -2.3869508e-01  -7.6567081e-01   8.7298885e-01   1.4098595e+00
   2.0000000e+00  -2.8295927e+00  -2.2230236e+00  -2.0007318e+00   1.9761076e+00  -2.5355938e+00   1.5735499e+00
   2.0000000e+00   2.2247129e-01  -4.4926241e-01  -8.7990131e-01   5.9477288e-01   9.8342131e-01  -9.7707989e-01
   2.0000000e+00   9.6145254e-01  -5.3970705e-01   6.5600118e-01   1.7566510e+00   1.2379449e-01  -8.2074790e-01
   2.0000000e+00  -1.8069467e+00   1.9487789e+00  -1.3722941e+00   1.1856066e+00   9.1747129e-01   1.7250726e+00
   2.0000000e+00   9.7311391e-02   1.3209998e+00  -3.4273389e-01   2.1286841e-01  -1.1040000e+00   1.9237730e+00
   2.0000000e+00  -4.6283339e-01  -1.5047208e+00  -5.3071754e-01   4.4184882e-01  -1.5692282e+00   1.3221963e+00
   2.0000000e+00   3.0216367e-01  -1.5045634e-01  -1.3827587e+00   1.3357753e-01  -8.0004558e-02   8.3195840e-01
   1.0000000e+00   3.2876472e-01  -1.0845807e+00   7.2485981e-02   4.9403225e-01  -4.0602151e-01   1.7882776e+00
   1.0000000e+00  -5.0841586e-01   9.6094124e-01   7.4285261e-01   4.3393239e-01   2.6714187e-01   1.1400434e+00
   2.0000000e+00  -1.7901653e+00  -3.0096272e-01   1.9587418e-01   8.2115007e-01   4.3834997e-02   1.0484322e+00
   1.0000000e+00   2.7397734e-01  -9.6643077e-01   4.8459752e-01  -5.5323624e-01  -1.0518700e+00  -3.0066279e-01
   2.0000000e+00   9.8319400e-01  -2.4079834e+00  -6.4380050e-01  -7.5190528e-01   5.7947981e-02  -1.4406734e+00
   2.0000000e+00  -2.2091321e+00  -7.5293377e-01  -1.4897269e+00   2.8388747e-01  -1.8217827e-01   2.4611644e-01
   1.0000000e+00   1.0706700e-01  -5.8525525e-01   2.8255286e-01  -2.2019206e-01  -3.8440110e-01   1.8912739e+00
   2.0000000e+00  -5.1012218e-01  -6.4065184e-01  -1.6312130e+00   1.0090987e+00   1.0988566e+00   1.5710060e+00
   2.0000000e+00   6.8427693e-01   1.2453167e+00  -1.3175390e+00  -2.2325974e+00  -1.5119155e-01  -4.7621389e-01
   2.0000000e+00  -9.5409929e-01   6.8646135e-01  -5.1852700e-01  -1.8173198e-01   1.0686292e+00  -1.5133024e+00
   2.0000000e+00  -1.0957567e+00  -2.6977814e+00  -1.6457529e+00  -3.7393754e-02   4.0694029e-01  -1.5898227e+00
   2.0000000e+00  -1.0977768e+00   1.4695178e+00   3.4585290e-02  -8.8597206e-01  -2.7820501e-01  -8.3190238e-01
   2.0000000e+00  -3.3380576e-01   2.6431426e-01   3.6663777e-01   1.5166580e+00   1.2382311e+00   1.9681597e+00
   2.0000000e+00  -2.3231140e+00   3.6496458e-01  -3.7888943e-01   3.8635180e-01   5.2985699e-01   1.3167712e+00
   2.0000000e+00  -8.6531499e-01   7.5126190e-01  -1.6858430e+00   5.6982645e-01  -1.2355732e+00  -3.4517103e-02
   2.0000000e+00  -4.4900157e-01  -6.0947193e-01   1.4547717e+00  -1.1070619e+00  -9.1303279e-01   6.8865223e-01
   2.0000000e+00   9.7518662e-01  -4.0950376e-01  -1.0770698e+00   4.8874564e-01   1.5576604e+00  -1.6544833e+00
   2.0000000e+00  -4.1735797e-01   7.7963180e-01   1.4402893e+00   2.2214474e-01   1.2369395e+00  -4.1526032e-01
   2.0000000e+00  -1.2394819e+00  -2.3756933e-01   5.3228480e-01  -3.1015635e-01  -1.8103441e+00   1.9376356e+00
   1.0000000e+00   6.0466809e-01   4.4342830e-01   7.9351086e-01   2.2272087e+00   1.1123279e+00  -1.4858384e+00
   2.0000000e+00   1.8801155e-01   2.1780026e+00  -5.4705963e-01  -2.8634913e-01   7.2522135e-01  -2.1581085e-03
   1.0000000e+00   7.5993253e-01   9.9806882e-01   5.5220990e-01   1.8669840e-01  -3.7626720e-01  -8.6052703e-01
   2.0000000e+00  -1.4926312e+00   7.7036026e-01   1.3658527e+00  -3.2481461e-02   9.9972001e-01  -1.6674628e+00
   1.0000000e+00  -5.5216726e-01  -8.1616600e-01   4.0500317e-01  -1.6342458e+00  -2.8126461e-01   7.4168597e-01
   2.0000000e+00  -2.0893671e+00  -1.5527905e+00  -1.0352488e+00   4.6605778e-01   1.0781238e+00   8.5210380e-01
   2.0000000e+00   1.8533366e+00  -1.4055691e+00  -1.3605721e+00   1.2249016e-01  -3.3707759e-01  -2.2377476e+00
   2.0000000e+00   8.4791757e-01  -9.1381028e-01  -2.2496949e+00  -3.7455255e-01   6.2349461e-01  -4.5128690e-01
   2.0000000e+00   7.1768488e-02  -8.4203208e-01  -4.4547005e-01  -1.5389702e-01   2.1800790e+00  -3.9173389e-02
   2.0000000e+00  -7.2879680e-01   7.0293023e-01   1.1581160e+00   1.2163369e+00  -1.4250131e+00   2.1722678e+00
   2.0000000e+00  -1.6888080e+00   1.0283322e+00   6.3639078e-01  -5.3956497e-01   6.8556981e-02   1.9269144e+00
   2.0000000e+00  -9.9071131e-01   1.3348749e+00   2.1711028e-01  -7.9077434e-02   8.9232252e-01  -5.8773610e-01
   2.0000000e+00   9.7424148e-01  -6.1929268e-01  -6.8591840e-01   6.5811861e-01  -1.1830271e+00   6.9965649e-01
   2.0000000e+00   1.3883666e+00  -1.8682797e+00  -8.2302612e-01   2.1508886e+00   4.2730517e-01  -5.7019009e-01
   1.0000000e+00  -1.1494840e-01  -1.7735703e-01   4.5732953e-01   5.0883509e-01   5.0349023e-01  -7.5662761e-01
   1.0000000e+00   1.4950510e-01   1.0539344e+00   3.2430418e-01  -2.8431144e-01  -1.1530948e+00   1.1261775e+00
   2.0000000e+00  -5.6533539e-01  -4.1395561e-01  -9.2772855e-01  -1.3336602e+00   1.0363139e+00  -7.6914649e-01
   2.0000000e+00   1.0414040e+00   4.8923262e-01  -1.4327035e-01  -9.7931003e-02   1.4827770e+00   2.2129701e-01
   2.0000000e+00  -8.9783957e-01   1.8756381e-01  -1.2028191e-01   1.9940358e+00   4.4616833e-01   6.5166223e-01
   1.0000000e+00  -1.7365112e-01   1.3332854e+00   1.0782986e-02   4.8939989e-01   5.5179527e-01  -9.4739321e-01
   2.0000000e+00   2.2752686e-01   1.1386501e+00  -9.3515961e-01  -2.1271027e-01  -7.2765572e-01  -3.4514042e-01
   2.0000000e+00   1.7999960e-01   8.9333565e-01  -7.1356409e-01   1.6620441e-01   2.4817973e-01   1.5469026e+00
   2.0000000e+00   2.4351319e+00  -1.1560004e+00   1.1539685e+00   6.0603955e-01  -4.1994382e-01   8.3482833e-01
   2.0000000e+00   1.4496035e+00   8.6301011e-01   3.3316798e-01  -8.9682591e-01   8.9050378e-01  -8.9067159e-01
   1.0000000e+00   2.5570245e-01   9.0196519e-01   4.1500019e-01  -3.7805357e-01  -7.2377626e-01   2.8886487e-02
   2.0000000e+00  -1.1390669e+00  -1.8724765e-02   4.0879682e-01   6.6473124e-01   2.5408224e-01  -6.1643318e-01
   2.0000000e+00   1.7454465e-01   7.0310166e-01   9.2747758e-01   1.7362065e+00  -1.9108755e+00  -1.9942212e+00
   2.0000000e+00  -1.6138802e+00  -9.0684933e-02   1.6449537e+00   7.5626818e-01  -7.7985221e-01  -3.1656182e-02
   2.0000000e+00  -1.6142895e+00  -3.1519226e-01  -3.1786684e-01   1.3644458e+00   7.7099980e-03   1.4195090e+00
   2.0000000e+00  -2.5093411e-01  -1.4024138e+00  -3.3376370e-01   2.6177765e-01   7.5499985e-01  -2.2538084e+00
   2.0000000e+00   4.4717475e-01  -1.1493813e+00  -4.3514946e-01   2.2935148e-01  -4.7792081e-01  -8.3725241e-01
   2.0000000e+00   4.5802159e-02  -1.4590565e-01   1.3426598e+00   1.9770106e-01  -2.1238446e-01   4.7461509e-02
   1.0000000e+00  -5.0018183e-01  -1.1712247e-01   7.2415450e-01   1.6638106e-02   4.9615598e-02   4.2565243e-03
   2.0000000e+00   1.6489077e+00   5.9081128e-01  -1.2051401e+00   3.4049389e-01   3.1924698e-01   1.3340446e+00
   2.0000000e+00  -3.7840431e-01   1.5853294e+00  -5.5509876e-01  -3.5809259e+00  -8.3971002e-01  -3.3070394e-01
   2.0000000e+00  -7.0396259e-01  -3.6132799e-01  -4.8032165e-02  -4.3205256e-01  -1.3784089e+00  -1.2130564e+00
   2.0000000e+00  -3.6980164e-01   1.3760543e+00  -5.4293888e-01   2.9209426e-01   6.5070666e-01  -4.7589648e-01
   2.0000000e+00   1.6253483e+00   1.1902167e+00  -3.3978724e-01   1.4848605e-01  -7.7866907e-01   6.1084517e-01
   1.0000000e+00   6.2114857e-01  -2.0451006e-01   1.3757995e-01  -2.3484867e+00  -1.3879410e-01  -3.0535252e-01
   2.0000000e+00  -1.1655797e+00  -9.7716490e-02  -2.1795386e-01  -8.4253575e-01   8.8152860e-02  -5.1284416e-01
   2.0000000e+00   8.0121022e-01   1.5655830e+00  -1.1117565e+00  -7.2637116e-01   9.5666448e-02   9.0670364e-01
   2.0000000e+00  -1.2323972e+00   7.4211995e-03  -3.8880636e-01   4.1747835e-01  -4.9343525e-01  -9.3562371e-01
   2.0000000e+00  -1.1223304e+00   1.1606607e+00  -5.0017959e-01   2.4030129e-01   1.1135864e-01   1.4585068e-01
   2.0000000e+00  -1.1250752e+00   4.6144324e-01   1.3935433e+00   1.8393421e-01  -4.7921302e-01   1.1080306e+00
   2.0000000e+00  -2.5334897e+00   6.8792727e-01   2.4783991e-01  -2.9784570e-01  -9.6360973e-01   1.3565975e+00
   2.0000000e+00   8.0197464e-01  -1.6334938e-01  -8.5303509e-01   9.7875706e-01  -4.7817728e-01  -2.1488543e-02
   2.0000000e+00   4.2337480e-01  -6.0160956e-02  -9.9841067e-01   1.0883196e-01  -3.1571719e-01   7.3875952e-01
   2.0000000e+00  -1.0345244e+00   1.5232871e+00   1.7580696e+00  -2.0522335e-01   1.1324718e+00  -7.6762536e-01
   2.0000000e+00   2.4691367e-01  -1.4822688e+00  -7.6631928e-01   1.3709670e-01  -1.8975287e+00  -1.0872190e-01
   2.0000000e+00   6.4173291e-01   6.2202374e-01   1.4558060e+00  -1.7437294e+00   2.3335939e-01   5.9398995e-01
   2.0000000e+00  -1.7901010e+00   1.1645446e+00   1.2286354e-01   1.7342931e+00   1.3270071e+00   1.4760388e+00
   1.0000000e+00  -4.2248341e-01  -2.7892649e-01   6.5567335e-01  -7.9802288e-01   2.7824169e-01  -6.7796152e-01
   2.0000000e+00  -1.1127294e+00  -3.2476172e-01   6.9457292e-01  -5.3238916e-02  -8.8566710e-01   1.3692098e+00
   2.0000000e+00  -9.2390552e-01   1.2631501e+00  -3.4809752e-01  -2.6256576e-01  -9.3449397e-02   1.2327539e+00
   2.0000000e+00  -8.7205729e-01   1.3073533e+00   2.0062854e+00   1.6946269e+00  -5.0526291e-01  -9.1249710e-01
   2.0000000e+00   2.4089767e-01  -4.7936518e-01  -5.4932022e-01  -6.2782413e-01   8.5655972e-01  -9.2795376e-01
   1.0000000e+00  -6.7300103e-01  -8.9373051e-01   3.1067862e-01  -9.2775345e-01  -1.4719789e+00  -1.6456494e+00
   2.0000000e+00  -7.2261193e-01  -1.8670211e+00   9.0364028e-01  -4.0876285e-01  -7.4885898e-01  -1.5557736e+00
   2.0000000e+00   1.3495171e-01  -6.6111369e-01  -3.1115664e-01  -4.9878019e-01  -6.1611872e-01  -1.9285037e+00
   1.0000000e+00  -2.2696448e-01  -3.8916222e-01   4.7530641e-01   2.7928363e-01  -1.4052213e+00  -1.4201677e+00
   1.0000000e+00   2.5885401e-01   1.4731289e+00   1.9853485e-01   1.5770666e+00  -2.1702405e+00   6.2937128e-01
   2.0000000e+00  -8.1153720e-01   2.4544905e-01   1.4158723e+00  -2.1257338e-01   8.3342396e-01  -5.9836546e-01
   2.0000000e+00   9.8386460e-01  -8.8958405e-01   1.9586572e+00   5.6057540e-01   2.0460410e-01   2.4720143e-01
   2.0000000e+00   1.9523941e-01   1.0628336e-01   1.7784770e+00   3.4942579e-01  -4.3474053e-01   5.7670093e-01
   2.0000000e+00  -2.5786220e-01   7.0830362e-01  -6.7841887e-01  -1.1567842e-01  -4.0040296e-01  -1.1895051e-01
   2.0000000e+00  -1.8724073e+00   9.3714658e-01   2.0076139e+00   9.7821884e-01   2.3406397e+00  -8.2602223e-01
   1.0000000e+00  -3.0793328e-01   4.5986257e-01   2.2626900e-01   9.6831142e-01  -4.2123608e-01   6.5075476e-01
   1.0000000e+00  -2.7793139e-01   8.6571696e-01   4.4384907e-02   1.6451978e-05   1.1053614e+00  -3.6951830e-03
   2.0000000e+00   2.1955539e+00   2.0484329e+00  -1.4776748e-01  -8.3388908e-02   5.8907272e-01   1.9808788e+00
   2.0000000e+00  -4.6474693e-01   7.0583758e-01   1.6959465e+00  -9.8364840e-01  -2.0572480e+00   3.7034257e-01
   1.0000000e+00  -2.7309262e-01  -9.1987389e-01   4.2731990e-01  -4.8615760e-01  -6.7867413e-01   3.2369921e-01
   2.0000000e+00  -7.8883033e-01   3.9116353e-01   8.0847053e-01  -1.2594166e+00  -1.0386807e+00   8.5836887e-01
   1.0000000e+00   7.1403403e-01  -6.7405130e-01   3.5291155e-01   6.2337155e-01  -7.0509587e-01  -5.1913728e-01
   2.0000000e+00   2.2859920e-01   1.0855169e+00  -1.3302538e+00   3.3418973e-01  -4.9531886e-01  -1.3821105e-01
   2.0000000e+00  -1.8845177e+00   7.5674760e-01  -6.2968054e-01   8.0790007e-01   6.7099142e-01   1.0280162e+00
   2.0000000e+00   8.0909143e-01  -6.8196279e-01  -7.0964102e-02   1.9373607e-01   1.9560504e-01   1.9434696e-01
   2.0000000e+00   5.1818414e-01   1.2399831e+00  -5.9540691e-01  -4.9701700e-01   1.1990200e+00  -1.1711784e+00
   2.0000000e+00   1.6962883e+00  -2.9921832e-02  -3.0745711e-01  -5.7274240e-01   1.3440928e+00  -1.3042628e-01
   1.0000000e+00   3.3009979e-01   9.8619421e-01   2.6443223e-01   8.2363744e-01  -8.9068480e-01  -8.0009373e-01
   2.0000000e+00   1.1619106e+00   2.0625248e-01  -2.5264300e-01  -1.5375526e+00   1.6713741e-01   4.0173311e-01
   2.0000000e+00  -3.3172136e-01   9.8322835e-01  -1.7636186e-01   1.3222334e-01   4.0138098e-01  -1.1308162e+00
   2.0000000e+00  -1.2648356e+00  -1.2469642e-01   3.9899613e-01  -2.4656807e-01  -5.1719642e-01  -3.2901237e-01
   2.0000000e+00  -4.9587022e-01   1.5519476e+00  -2.9569163e-01  -6.3463017e-02   2.7550406e-01  -3.1060467e-01
   2.0000000e+00  -5.3704473e-01   4.5967018e-01  -8.9798013e-01   4.7985850e-01  -1.4994158e-01   1.3537386e-01
   2.0000000e+00  -9.9421390e-01  -1.6461639e+00  -3.7574658e-01  -1.2066996e-01  -1.0266979e+00   8.3191805e-01
   1.0000000e+00   5.2836131e-01   1.3471485e+00   1.4563515e-01  -6.7723033e-01   1.7905403e-01  -1.9316923e+00
   2.0000000e+00   1.5808847e-01  -3.5033958e+00  -1.6148890e+00  -1.2008849e+00   3.6461549e-01   1.7854523e+00
   2.0000000e+00  -1.3457746e+00  -1.4482889e+00   7.2291736e-01  -1.0103111e+00   2.8304777e+00   2.1843330e+00
   2.0000000e+00  -1.6591844e-01  -1.0504783e+00  -3.8265015e-01   1.8164384e+00  -8.4180995e-01  -9.7472061e-02
   2.0000000e+00  -6.1881361e-02   2.7126964e-01  -1.8850732e+00  -1.9436010e+00   1.8566712e+00  -3.4563155e-01
   2.0000000e+00   1.0024379e-01  -3.9722858e-02  -2.2441081e+00  -2.0212486e+00   1.2748442e+00   1.9374788e+00
   2.0000000e+00  -1.4529084e+00   3.9529201e-01  -2.3607631e-01  -3.8106838e-01   1.7695133e+00  -2.3491748e-01
   2.0000000e+00  -1.4797453e+00  -3.4222356e-02  -1.0595950e+00  -4.2160144e-01   2.5468794e-01  -7.0125719e-01
   2.0000000e+00   1.0255618e+00   8.6425805e-02  -1.9568933e-01   3.6643429e-01  -3.4836595e-01   7.2557678e-01
   2.0000000e+00  -1.6154958e+00   9.6008181e-01  -1.0397966e+00   5.8616252e-01  -1.5682622e+00   3.8611770e-01
   2.0000000e+00  -1.7225078e-01  -2.5903382e-01  -1.0533264e+00  -4.6134961e-01  -1.0099695e+00  -3.7950199e-01
   2.0000000e+00  -6.3018465e-01  -1.0664454e+00   1.5972926e+00   5.5365061e-01  -2.9800635e-01  -1.1908888e-01
   2.0000000e+00  -1.9161202e+00   1.7873542e-01  -1.1804913e+00   1.0600603e+00  -3.1665150e-01  -8.9217996e-01
   2.0000000e+00   1.6954190e-01  -6.9609571e-01  -2.0100632e+00  -4.2238311e-01   1.0480245e+00  -3.1011619e-01
   2.0000000e+00   1.5497420e+00   6.4257643e-01  -1.3249856e+00   2.4323338e-01  -6.7687117e-03   1.7294999e+00
   2.0000000e+00  -1.5011001e+00   1.7701059e-01   6.6827610e-01  -3.8022068e-01  -4.8131127e-01  -1.7943353e+00
   2.0000000e+00  -8.4515498e-01   1.2970718e+00   5.9695284e-01  -7.7798567e-01  -1.1588527e+00   1.2052273e+00
   2.0000000e+00  -1.2984173e-01  -1.9167889e-01  -2.3237282e-01  -5.0811980e-01  -3.8550959e-01  -1.7496690e-01
   1.0000000e+00   6.6051296e-01  -4.7658286e-01   3.2822975e-01   5.3702896e-01  -6.0246157e-01  -6.7449817e-01
   2.0000000e+00   3.7049929e-01  -5.3549305e-01  -2.0234185e-01  -1.0177253e+00  -1.9598578e-01  -7.8574517e-01
   2.0000000e+00   6.8585171e-02  -3.7763377e-01  -1.3750360e+00  -6.6003541e-01  -2.0909748e+00  -3.0553320e-02
   2.0000000e+00  -7.4454789e-01   1.1946538e-01  -7.6169786e-01   1.2415116e+00   8.4193829e-01   4.9691389e-01
   2.0000000e+00  -1.2206473e+00  -2.4109203e+00  -2.1408792e+00  -1.5212481e+00  -8.6135805e-01   8.7706547e-01
   2.0000000e+00   2.7421225e-01  -1.8362393e-01  -2.4756755e-01   3.0280908e-01  -4.8552956e-01  -8.4151541e-01
   1.0000000e+00  -2.3320427e-01   8.5485529e-01   2.3596248e-01  -3.2355782e-01   1.0895419e-01  -3.5175164e-01
   1.0000000e+00   2.6786567e-01  -5.2788227e-01   5.4823947e-02  -1.4155486e+00  -3.1758923e-01  -7.7203436e-02
   2.0000000e+00   3.2898674e+00   1.5692350e+00   5.1200544e-02   5.4803005e-01   3.8874677e-01  -6.9969200e-01
   2.0000000e+00  -1.1502579e+00   6.6722434e-02  -3.0398016e-01   1.2250833e+00  -1.4905948e+00  -4.2813106e-01
   2.0000000e+00  -1.9918895e-01   9.2958504e-01   1.8219271e+00  -1.5313538e+00  -2.6251812e-01  -4.6095528e-01
   2.0000000e+00   2.3852741e+00   4.4081777e-01   8.2115126e-02  -3.8761716e-01   5.2357177e-01   1.1537841e+00
   2.0000000e+00   3.1482968e-02  -7.7972707e-02  -1.7095850e+00  -1.3445915e+00   3.5776058e-01  -8.9019077e-01
   2.0000000e+00  -1.8676559e+00  -9.1880583e-02  -4.1722621e-01  -1.7943256e+00   1.2769628e+00   6.2267517e-01
   2.0000000e+00   1.6575341e+00   2.2560027e-01  -7.4316474e-01  -1.5681110e+00   7.8036488e-01  -5.4649594e-01
   2.0000000e+00  -6.3649184e-01  -2.1760113e+00   9.0472207e-01  -7.3470471e-02   1.2611630e+00   5.9786182e-01
   1.0000000e+00   2.5545899e-01  -2.7525791e-01   2.9932451e-01   1.3232048e+00  -6.5049090e-01   1.8776628e+00
   1.0000000e+00  -8.4344405e-02  -7.4554250e-01   1.2008817e-01   3.5217006e-02   4.2382819e-01  -5.1873573e-01
   2.0000000e+00  -1.1241814e+00  -6.8699664e-01  -7.5552240e-02  -1.0632041e+00  -1.1215976e+00  -4.9458733e-01
   2.0000000e+00  -7.6132638e-01  -7.1329219e-01   1.6399275e+00   1.4327505e+00  -2.2681249e-01  -1.5250869e-01
   2.0000000e+00  -1.7122260e-01   5.1723362e-01  -3.8026640e-01  -5.0441893e-01  -1.6106372e+00  -2.1313720e-02
   2.0000000e+00   2.0101227e-01  -8.0998197e-01  -9.1315400e-02  -4.0080692e-01  -7.9194189e-01   6.9789578e-01
   2.0000000e+00   1.3103383e+00  -7.3915575e-01   3.4308816e-01   5.3257891e-01  -9.4612382e-01   1.5470167e+00
   2.0000000e+00  -9.1870892e-01   1.2454563e+00  -6.5723738e-01   2.1674905e-01  -5.8953537e-02  -9.0202411e-01
   1.0000000e+00  -1.7280690e-01  -1.9803129e+00   8.0122958e-01   1.0087557e+00  -4.6971950e-02  -1.1704198e+00
   1.0000000e+00   2.5698171e-01   1.6437487e-02   1.8716226e-01   8.2752963e-01  -3.6287350e-01   4.8640003e-02
   2.0000000e+00   2.2472259e-01   2.3337841e+00  -2.6272190e-01  -5.3970750e-01  -8.6678492e-01   8.8140497e-01
   2.0000000e+00  -2.2738754e-01   1.3037971e+00  -6.6576565e-01   5.5150913e-02  -1.8677409e+00  -5.9007279e-01
   2.0000000e+00   3.2238220e-01   5.6931050e-01  -6.1745549e-01   1.8190444e+00   1.3835215e+00  -3.9136621e-01
   2.0000000e+00   3.1220475e+00  -9.9189099e-01   4.3899693e-01  -5.6215395e-01   1.0145079e+00   3.0015986e-01
   2.0000000e+00  -3.0883899e+00   3.1846278e-01   1.1289405e+00  -9.1340035e-01   8.9575875e-01  -1.3697435e+00
   2.0000000e+00   1.4644891e+00  -1.0249669e-01  -6.4331515e-01  -4.8500336e-01  -7.2150968e-01  -1.8137865e-01
   1.0000000e+00  -1.2871545e-01  -3.1855793e-02   2.7193558e-01  -7.8628640e-01   4.3127616e-01  -2.8410846e-01
   2.0000000e+00   2.3546033e-01   4.5051031e-02   1.0515956e+00  -4.2374829e-01  -1.4848710e+00   1.7750095e+00
   2.0000000e+00  -2.7649086e-01   2.0969141e+00  -5.3952093e-01  -6.3110011e-01   3.1991945e-02  -1.1126050e+00
   2.0000000e+00   5.2652178e-02  -4.3428383e-02   1.1605501e+00  -9.8004375e-01   5.6764039e-01  -1.3075591e+00
   1.0000000e+00   2.7346634e-01  -3.1857456e-01   1.7092170e-02  -1.7857990e+00   7.7116541e-01  -1.8876934e+00
   2.0000000e+00   1.0910669e+00   9.7799210e-01   1.3624892e-02  -4.8263604e-01  -1.5368564e+00   1.0485680e+00
   2.0000000e+00  -5.9099219e-01   1.7847032e-01   1.3869107e+00   9.6852012e-02  -2.7896022e-01  -2.9399416e-01
   2.0000000e+00  -2.0694682e-01  -5.7484031e-02  -4.5837330e-01  -1.0994584e+00   9.0840976e-01   3.8991472e-01
   2.0000000e+00  -9.9677699e-01   7.4726621e-01   4.2975025e-01   8.9965334e-01   6.2343539e-01   2.7907904e-01
   1.0000000e+00  -3.1935962e-01  -1.2846265e+00   1.6837451e-01   4.9850231e-01   7.4583885e-01  -8.4035777e-01
   2.0000000e+00  -1.9803397e+00  -4.6642539e-01   1.0725146e+00   1.6914138e-01  -8.2833437e-01  -7.5577928e-01
   2.0000000e+00  -2.2262130e+00   5.2466499e-02   9.8644253e-02   1.5422159e+00   1.4518547e+00  -7.1200933e-01
   2.0000000e+00   1.4573018e+00   1.1123609e+00   6.9345349e-01   1.1060900e+00  -4.1424079e-01  -1.9802574e+00
   2.0000000e+00   7.4048099e-01  -9.8769998e-01   1.6324799e+00  -2.3315242e-01  -3.4985425e-01   4.0303142e-01
   2.0000000e+00  -1.6096650e-01  -1.2156060e-01  -7.5368603e-01  -3.2063308e-01  -9.1732900e-01   8.0706929e-01
   2.0000000e+00   7.9912211e-01   2.3714581e-01  -1.1033919e+00  -8.6543241e-01  -1.1510359e+00  -1.0674805e+00
   2.0000000e+00  -8.6982788e-01   4.1691479e-02  -1.0479190e+00  -1.4465857e+00  -1.1968616e+00  -1.1578966e+00
   2.0000000e+00  -1.0329181e+00  -5.3429198e-01   8.8422374e-01   2.8822629e-01   1.7692559e-02   8.1569399e-01
   2.0000000e+00   1.4118136e-01   1.2538302e-01  -3.1560965e-01   9.2317027e-01  -1.7282355e-02   8.9246760e-01
   2.0000000e+00  -1.0635806e+00  -1.0031412e+00   1.1083269e+00  -7.8334663e-01  -7.6695612e-01  -1.1696976e+00
   2.0000000e+00   1.0190437e+00  -5.2532798e-01   4.7664315e-01   8.1529312e-01   7.1401266e-01  -3.3864124e-01
   2.0000000e+00   8.1020176e-01  -2.3985553e-01  -1.3741391e+00  -1.9532508e+00   1.6446456e+00  -8.4155469e-01
   2.0000000e+00  -6.1894350e-01   7.7594684e-01   8.5092414e-01   9.8440602e-01   8.9896392e-01  -6.3361635e-02
   1.0000000e+00  -4.0053321e-01  -3.2937292e-01   1.2573698e-02  -6.8962692e-01  -4.1752984e-01  -9.3389915e-01
   2.0000000e+00   1.7686394e+00   1.4359956e-01   2.5557767e-01  -6.6206606e-01   3.9016947e-01   4.9376844e-01
   2.0000000e+00   8.0092388e-01   8.8746889e-01  -6.0407639e-01   1.5451147e-02  -2.2503158e+00  -1.6341138e+00
   2.0000000e+00   2.0141083e+00   3.5046168e-01   1.5522828e+00  -3.3165798e-01   1.3672403e-01   6.1418056e-01
   2.0000000e+00  -1.1481696e+00   1.0333627e+00  -6.5160129e-01   1.6748129e-01   6.3942878e-01  -5.7109213e-01
   2.0000000e+00   1.3736337e+00  -1.0590381e+00  -4.0810762e-01  -1.2126747e+00  -8.0077564e-01  -1.9715363e-02
   2.0000000e+00   1.0639434e+00  -1.3078144e+00   3.5934520e-01   1.0676567e+00  -7.8336217e-02   1.0937554e+00
   2.0000000e+00  -1.7632187e-01  -1.7224198e+00  -1.2537759e+00   1.0406692e+00   4.3921320e-01  -2.2967527e-01
   2.0000000e+00  -2.0367706e+00   1.6818459e+00   1.7471846e+00   1.3081906e+00  -3.0690467e+00  -3.1584146e-01
   2.0000000e+00   5.5813305e-01  -1.9733373e+00  -4.2412219e-01  -2.6622476e-01  -4.2437184e-01   1.0479151e+00
   1.0000000e+00   2.2519284e-03   7.6844497e-01   2.8531583e-01   6.5798687e-01   8.2818524e-01  -6.6096415e-01
   2.0000000e+00  -5.3626316e-01   3.2067039e-01   9.3327948e-01   7.9157715e-01  -2.1495988e-01   1.1841448e+00
   2.0000000e+00   9.0888327e-01  -8.2961344e-02  -6.3551339e-01  -8.9235470e-01   3.8922777e-01   1.5736678e-01
   2.0000000e+00   2.7778046e-01  -4.8474588e-01  -8.0062499e-01  -2.7121184e-01  -9.9645944e-01   6.6898692e-01
   2.0000000e+00  -1.1167666e+00  -1.0099449e-01  -3.9300472e-01  -2.3166071e+00  -6.4299314e-01   6.1489437e-01
   2.0000000e+00   2.6626889e-02  -3.9583416e-01  -7.9275167e-01  -1.8702500e+00   1.4799329e+00  -2.2636538e-01
   2.0000000e+00  -1.9750519e+00   1.0093572e+00   1.7627213e+00   3.1612765e+00  -1.2532491e-01   4.0951466e-01
   2.0000000e+00   6.1600306e-01  -1.6507261e-01   1.1890121e-01  -6.1707298e-01   2.6745124e-01  -2.8183238e+00
   2.0000000e+00  -3.6270703e-01  -5.4137488e-01  -1.9807402e+00  -1.0073668e+00  -1.3038090e+00  -1.0867764e+00
   2.0000000e+00  -6.3186936e-01  -2.9871324e-01  -1.7567953e+00   1.0532188e+00  -1.4329564e-01  -2.3743550e-01
   2.0000000e+00  -1.4251160e+00   6.6486066e-02  -4.6804297e-01  -6.1416603e-01   2.0777664e-01   2.6881833e-01
   2.0000000e+00   1.0616961e-01   1.1994903e+00  -9.9683419e-01   7.6793382e-01   5.7721361e-01  -5.7224857e-01
   2.0000000e+00  -9.7633095e-01   6.2763242e-02  -4.7848064e-01  -7.5488381e-01  -4.8989251e-01   2.4462054e-01
   2.0000000e+00  -5.4796998e-01   4.7491705e-01  -8.0859126e-01  -6.2979531e-01   1.2466201e+00  -2.2944755e+00
   2.0000000e+00   8.9875102e-01  -5.0313785e-01  -8.0829629e-01   9.0876746e-02   9.1797182e-01  -8.1215056e-01
   2.0000000e+00   1.2842386e+00   1.3936243e-01   3.4166367e-01  -7.1895908e-01   1.5645293e+00   1.7404588e+00
   2.0000000e+00   2.0259928e+00  -2.6147380e+00   1.5695883e+00  -1.0023171e+00  -1.4209046e+00   2.2729526e-01
   1.0000000e+00   3.8956027e-01  -8.1883954e-02   5.4108628e-01   5.1737913e-01  -2.6022953e-01  -1.1947849e-01
   2.0000000e+00   1.0297833e+00  -1.4738878e-01  -2.6529401e+00  -9.5643171e-01  -2.0877126e+00  -3.4207865e-01
   1.0000000e+00   2.6927708e-01  -1.2046252e-01   6.9451057e-01  -1.0861335e+00  -2.4784723e-01   1.3854402e-01
   2.0000000e+00   8.5412238e-01   3.2483072e-01  -1.7168860e+00   3.0500126e-01   7.0897702e-02   2.3570491e-01
   1.0000000e+00   8.2128348e-01  -3.3907833e-01   5.6352409e-02   4.1511784e-01   1.7680464e-01  -7.0069502e-01
   1.0000000e+00  -3.9800670e-01  -5.5206205e-01   9.1407467e-01   4.6960360e-01   1.9100622e+00   6.7208909e-01
   2.0000000e+00   1.1595082e+00   3.7036582e-01  -9.6914918e-01   9.6391609e-01  -8.9995423e-01  -2.7175360e-02
   2.0000000e+00  -1.7995910e+00  -1.0024324e+00   7.3988514e-01   5.2980664e-01   1.7493101e-02   1.9469482e+00
   2.0000000e+00  -8.5132810e-01   6.3058520e-01  -6.4380055e-02  -8.0479701e-01  -1.5332481e-01   1.5497978e+00
   2.0000000e+00   1.7952074e-01  -1.1798903e-01  -1.6707396e+00  -1.6314269e+00   2.2339525e+00   1.4490264e-01
   2.0000000e+00  -3.3834856e-01   1.4111041e-01  -1.2283393e+00  -2.3516634e-01   2.8974062e+00  -8.6264550e-01
   2.0000000e+00   7.8195391e-01  -4.9688360e-02  -7.4566077e-01  -3.6665343e-01   1.1394557e+00   3.2674423e-01
   2.0000000e+00   2.5011396e+00   6.6281686e-01   6.0050490e-01  -4.7612377e-01  -9.2428809e-01  -3.9334590e-01
   2.0000000e+00   2.9312217e-01   1.5492957e+00   8.3248735e-01   2.1997001e-01  -7.6347934e-01   2.7041286e+00
   2.0000000e+00   1.4133835e-01  -6.1235215e-01  -1.0159865e+00   1.7830440e+00  -1.4776722e+00   1.4320051e-01
   2.0000000e+00   2.3786632e+00   7.2604953e-01   8.5176766e-01   5.9446828e-01  -1.0359287e+00   3.7668464e-01
   2.0000000e+00  -4.7880549e-01  -5.1641572e-01  -5.7818739e-01   7.6470119e-01   6.5171126e-01  -7.7920149e-01
   1.0000000e+00   7.2398911e-02   4.4911007e-01   5.2798008e-01  -2.6857364e-01  -6.6065262e-01  -1.9130774e+00
   2.0000000e+00   1.2653935e+00  -6.2695262e-01   2.3338435e-01   7.0707906e-01   2.1366071e+00  -1.4926887e+00
   2.0000000e+00  -2.9415926e-01   8.1894002e-02  -9.6198947e-01   3.9238739e-01   7.9394635e-01  -1.4443256e+00
   2.0000000e+00  -5.6252832e-01  -2.3585592e-01  -1.1175301e+00   1.5813341e-01   1.0665497e+00   5.1216563e-01
   2.0000000e+00  -4.2694434e-01   1.3236051e+00  -5.8979135e-02  -1.6095524e+00  -8.1267442e-02  -8.5071072e-01
   2.0000000e+00   4.9927457e-01  -8.4824678e-01   1.6570631e+00   3.9491938e-01  -1.8841555e-01   9.0119850e-01
   2.0000000e+00  -4.2634703e-01   9.6955457e-01  -8.7220369e-03  -2.5657748e-01  -1.0296624e+00   9.7493670e-01
   1.0000000e+00   6.5090899e-01  -5.0679359e-01   5.7145760e-01  -2.7339732e-01   1.5783006e-01  -6.4071724e-01
   1.0000000e+00   7.5470606e-01   1.8607589e-01   7.9409833e-02   1.1307949e+00  -6.7162700e-01  -1.7011034e+00
   2.0000000e+00  -1.1360211e+00  -3.2745532e-01   3.6096349e-01  -1.2403553e-01   4.7988482e-01   2.0642624e+00
   2.0000000e+00   1.4456715e-01  -4.6188017e-01  -1.7225721e+00   7.9372814e-01  -8.4354426e-01   1.3919995e+00
